{
 "cells": [
  {
   "cell_type": "markdown",
   "metadata": {},
   "source": [
    "# *MATH&STAT-2. Линейная алгебра. Часть II \n",
    "## Юнит 3. Введение в машинное обучение \n",
    "### Skillfactory: DST-10\n",
    "---\n",
    "### 2.2. Неоднородные СЛАУ\n",
    "---\n",
    "### 2.3. Случай «Идеальная пара»\n",
    "---\n",
    "### Задание 2.3.1\n",
    "Запишите систему уравнений, если ее расширенная матрица имеет вид\n",
    "***Ответ:***  \n",
    "4w1+7w2-w3=7  \n",
    "2w1+w2+w3=2  \n",
    "-4w1+2w2+5w3=3  \n",
    "\n",
    "### 2.4. Случай «В активном поиске»\n",
    "---\n",
    "### 2.5. Случай «Всё сложно» ч.1\n",
    "---\n",
    "### 2.6. Случай «Всё сложно» ч.2\n",
    "---\n",
    "### Задание 2.6.1\n",
    "Вычислите вектор ошибок для приближённого решения системы w, если"
   ]
  },
  {
   "cell_type": "code",
   "execution_count": 1,
   "metadata": {},
   "outputs": [
    {
     "output_type": "stream",
     "name": "stdout",
     "text": "Матрица A\n[[ 1 -5]\n [ 2  1]\n [ 1  1]]\n---\nвектор b\n[[1]\n [2]\n [2]]\n---\nвектор w\n[[1]\n [1]]\nОтвет к заданию 2.6.1\nвектор ошибок:= [5],[-1],[0]\n"
    }
   ],
   "source": [
    "import numpy as np\n",
    "A = np.array([[1 , -5],[2 , 1],[1 , 1]])\n",
    "print(\"Матрица A\")\n",
    "print(A)\n",
    "print(\"---\")\n",
    "\n",
    "b = np.array([1, 2, 2])\n",
    "b = np.reshape(b,(len(b),1))\n",
    "print(\"вектор b\")\n",
    "print(b)\n",
    "print(\"---\")\n",
    "\n",
    "w = np.array([1, 1])\n",
    "w = np.reshape(w,(len(w),1))\n",
    "print(\"вектор w\")\n",
    "print(w)\n",
    "\n",
    "temp = b-A@w\n",
    "\n",
    "task = \"2.6.1\"\n",
    "print(f\"Ответ к заданию {task}\")\n",
    "print(f\"вектор ошибок:= \", end=\"\")\n",
    "print(*temp, sep=\",\")"
   ]
  },
  {
   "cell_type": "markdown",
   "metadata": {},
   "source": [
    "### Задание 2.6.2\n",
    "В OLS оценке коэффициентов переопределенной СЛАУ   \n",
    "***Ответ:***\n",
    "- Вектор ошибок ортогонален столбцам А\n",
    "- Вектор ошибок имеет минимальную длину из всех возможных\n",
    "- Вектор ошибок e = b-A*w  \n",
    "\n",
    "### Задание 2.6.3\n",
    "Найдите OLS оценку для коэффициентов w1, w2 СЛАУ"
   ]
  },
  {
   "cell_type": "code",
   "execution_count": null,
   "metadata": {},
   "outputs": [],
   "source": [
    "A = np.array([[1 , 2],[-3 , 1],[1 , 2],[1, -1]])\n",
    "print(\"Матрица A\")\n",
    "print(A)\n",
    "print(\"---\")\n",
    "\n",
    "b = np.array([1, 4, 5, 0])\n",
    "b = np.reshape(b,(4,1))\n",
    "print(\"вектор b\")\n",
    "print(b)"
   ]
  },
  {
   "cell_type": "markdown",
   "metadata": {},
   "source": [
    "### Задание 2.6.3_1\n",
    "a) Вычислите матрицу Грама столбцов А: A^TA"
   ]
  },
  {
   "cell_type": "code",
   "execution_count": 4,
   "metadata": {},
   "outputs": [
    {
     "output_type": "stream",
     "name": "stdout",
     "text": "Ответ к заданию 2.6.3_1\nматрица Грама := \n[[12  0]\n [ 0 10]]\n"
    }
   ],
   "source": [
    "temp = A.T @ A\n",
    "\n",
    "task = \"2.6.3_1\"\n",
    "print(f\"Ответ к заданию {task}\")\n",
    "print(f\"матрица Грама := \")\n",
    "print(temp)"
   ]
  },
  {
   "cell_type": "markdown",
   "metadata": {},
   "source": [
    "### Задание 2.6.3_3\n",
    "A.T@b = ?"
   ]
  },
  {
   "cell_type": "code",
   "execution_count": 5,
   "metadata": {},
   "outputs": [
    {
     "output_type": "stream",
     "name": "stdout",
     "text": "Ответ к заданию 2.6.3_3\nA.T @ b := \n[[-6]\n [16]]\n"
    }
   ],
   "source": [
    "temp = A.T @ b\n",
    "\n",
    "task = \"2.6.3_3\"\n",
    "print(f\"Ответ к заданию {task}\")\n",
    "print(f\"A.T @ b := \\n{temp}\")"
   ]
  },
  {
   "cell_type": "markdown",
   "metadata": {},
   "source": [
    "### Задание 2.6.3_4\n",
    "w_ = ?  \n",
    "***Примечание: для корректого ответа НЕ округляйте (A.T@A)^-1***  \n",
    "Введите координаты полученного вектора через запятую (без пробела):"
   ]
  },
  {
   "cell_type": "code",
   "execution_count": 6,
   "metadata": {},
   "outputs": [
    {
     "output_type": "stream",
     "name": "stdout",
     "text": "Ответ к заданию 2.6.3_4\nw_ := \n[[-0.5]\n [ 1.6]]\n"
    }
   ],
   "source": [
    "G_inv = np.linalg.inv(A.T @ A)\n",
    "temp = G_inv @ (A.T @ b)\n",
    "\n",
    "task = \"2.6.3_4\"\n",
    "print(f\"Ответ к заданию {task}\")\n",
    "print(f\"w_ := \\n{temp}\")"
   ]
  },
  {
   "cell_type": "markdown",
   "metadata": {},
   "source": [
    "### Задание 2.6.3_5\n",
    "e) Вид матрицы Грама в данной конкретной задаче говорит  \n",
    "\n",
    "***Ответ:***\n",
    "- Об ортогональности столбцов матрицы А\n",
    "- О линейной независимости столбцов матрицы А\n",
    "\n",
    "### 2.7. Классическая OLS линейная регрессия\n",
    "---\n",
    "### Задание 2.7.5\n",
    "Используя данные, полученные нами в модуле ранее (см. таблицу и результат применения OLS к ней) сделайте прогноз типичной стоимости (в тыс. долларов) дома в городке с уровнем преступности CRIM==0.2 и средним количеством комнат в доме RM==6.  \n",
    "***Ответ округлите до тысячных***"
   ]
  },
  {
   "cell_type": "markdown",
   "metadata": {},
   "source": []
  },
  {
   "cell_type": "code",
   "execution_count": 7,
   "metadata": {},
   "outputs": [
    {
     "output_type": "stream",
     "name": "stdout",
     "text": "вектор w\n [[-29.3 ]\n [ -0.26]\n [  8.4 ]]\nОтвет к заданию 2.7.5\nпрогноз стоимости := 21.048\n"
    }
   ],
   "source": [
    "w = np.array([-29.3, -0.26, 8.4])\n",
    "w = np.reshape(w,(len(w),1))\n",
    "print(\"вектор w\\n\", w)\n",
    "\n",
    "CRIM = 0.2\n",
    "RM = 6\n",
    "x = np.array([1, CRIM, RM])\n",
    "\n",
    "temp = (x@w)[0]\n",
    "\n",
    "task = \"2.7.5\"\n",
    "print(f\"Ответ к заданию {task}\")\n",
    "print(f\"прогноз стоимости := {round(temp,3)}\")"
   ]
  },
  {
   "cell_type": "markdown",
   "metadata": {},
   "source": [
    "### 2.8. Проблемы в классической OLS модели\n",
    "---\n",
    "### Задание 2.8.1\n",
    "Классическая OLS оценка коэффициентов линейной регрессии не получится, если  \n",
    "***Ответ:***  \n",
    "- В модели 3 признака и один является суммой двух других\n",
    "- В модели 2 признака пропорциональны\n",
    "\n",
    "### Задание 2.8.2\n",
    "Можно ли найти классическую OLS оценку в модели целевой переменной y и регрессорами x1, x2, x3"
   ]
  },
  {
   "cell_type": "code",
   "execution_count": 8,
   "metadata": {},
   "outputs": [
    {
     "output_type": "stream",
     "name": "stdout",
     "text": "вектор y\n [[1]\n [2]\n [1]\n [2]]\n---\nвектор x1\n [[1]\n [1]\n [0]\n [2]]\n---\nвектор x2\n [[-1]\n [ 1]\n [ 0]\n [ 0]]\n---\nвектор x3\n [[0]\n [2]\n [0]\n [2]]\n"
    }
   ],
   "source": [
    "y = np.array([ 1, 2, 1, 2])\n",
    "y = np.reshape(y,(len(y),1))\n",
    "print(\"вектор y\\n\", y)\n",
    "print(\"---\")\n",
    "x1 = np.array([ 1, 1, 0, 2])\n",
    "x1 = np.reshape(x1,(len(x1),1))\n",
    "print(\"вектор x1\\n\", x1)\n",
    "print(\"---\")\n",
    "x2 = np.array([ -1, 1, 0, 0])\n",
    "x2 = np.reshape(x2,(len(x2),1))\n",
    "print(\"вектор x2\\n\", x2)\n",
    "print(\"---\")\n",
    "x3 = np.array([ 0, 2, 0, 2])\n",
    "x3 = np.reshape(x3,(len(x3),1))\n",
    "print(\"вектор x3\\n\", x3)"
   ]
  },
  {
   "cell_type": "code",
   "execution_count": 9,
   "metadata": {},
   "outputs": [
    {
     "output_type": "stream",
     "name": "stdout",
     "text": "Ответ к заданию 2.8.2 = НЕТ\nматрица Грамма вырождена, детерминант равен := 0.0\n"
    }
   ],
   "source": [
    "A=np.concatenate((x1, x2, x3), axis=1)\n",
    "\n",
    "temp = np.linalg.det(A.T@A)\n",
    "\n",
    "task = \"2.8.2\"\n",
    "print(f\"Ответ к заданию {task} = НЕТ\")\n",
    "print(f\"матрица Грамма вырождена, детерминант равен := {temp}\")"
   ]
  },
  {
   "cell_type": "markdown",
   "metadata": {},
   "source": [
    "### 2.9. Стандартизация признаков\n",
    "---\n",
    "### Задание 2.9.2\n",
    "Стандартизируйте признак  \n",
    "$x = {11 \\choose 8}$"
   ]
  },
  {
   "cell_type": "code",
   "execution_count": 10,
   "metadata": {},
   "outputs": [
    {
     "output_type": "stream",
     "name": "stdout",
     "text": "Ответ к заданию 2.9.2\nстандартизированный признак x :=\n 0.71 -0.71\n"
    }
   ],
   "source": [
    "x = np.array([11,8])\n",
    "x_center = x - np.mean([x])\n",
    "\n",
    "temp = x_center/(np.dot(x_center,x_center)**0.5)\n",
    "\n",
    "task = \"2.9.2\"\n",
    "print(f\"Ответ к заданию {task}\")\n",
    "print(f\"стандартизированный признак x :=\\n\", round(temp[0],2), round(temp[1],2))"
   ]
  },
  {
   "cell_type": "markdown",
   "metadata": {},
   "source": [
    "### 2.10. Корреляционная матрица  \n",
    "---\n",
    "### Задание 2.10.2\n",
    "Найдите все НЕверные утверждения.  \n",
    "***Ответ:***  \n",
    "- Корреляционная матрица всегда невырождена верно\n",
    "- Если ранг корреляционной матрицы максимален, то мультиколлинеарности нет верно\n",
    "\n",
    "### 2.11. --> Практика. Классический OLS алгоритм"
   ]
  },
  {
   "cell_type": "code",
   "execution_count": 11,
   "metadata": {},
   "outputs": [],
   "source": [
    "# Загрузка библиотек\n",
    "import numpy as np # для работы с массивами\n",
    "import pandas as pd # для работы с DataFrame \n",
    "from sklearn import datasets # для импорта данных\n",
    "import seaborn as sns # библиотека для визуализации статистических данных\n",
    "import matplotlib.pyplot as plt # для построения графиков\n",
    "\n",
    "%matplotlib inline"
   ]
  },
  {
   "cell_type": "code",
   "execution_count": 12,
   "metadata": {},
   "outputs": [
    {
     "output_type": "execute_result",
     "data": {
      "text/plain": "      CRIM    ZN  INDUS  CHAS    NOX     RM   AGE     DIS  RAD    TAX  \\\n0  0.00632  18.0   2.31   0.0  0.538  6.575  65.2  4.0900  1.0  296.0   \n1  0.02731   0.0   7.07   0.0  0.469  6.421  78.9  4.9671  2.0  242.0   \n2  0.02729   0.0   7.07   0.0  0.469  7.185  61.1  4.9671  2.0  242.0   \n3  0.03237   0.0   2.18   0.0  0.458  6.998  45.8  6.0622  3.0  222.0   \n4  0.06905   0.0   2.18   0.0  0.458  7.147  54.2  6.0622  3.0  222.0   \n\n   PTRATIO       B  LSTAT  PRICE  \n0     15.3  396.90   4.98   24.0  \n1     17.8  396.90   9.14   21.6  \n2     17.8  392.83   4.03   34.7  \n3     18.7  394.63   2.94   33.4  \n4     18.7  396.90   5.33   36.2  ",
      "text/html": "<div>\n<style scoped>\n    .dataframe tbody tr th:only-of-type {\n        vertical-align: middle;\n    }\n\n    .dataframe tbody tr th {\n        vertical-align: top;\n    }\n\n    .dataframe thead th {\n        text-align: right;\n    }\n</style>\n<table border=\"1\" class=\"dataframe\">\n  <thead>\n    <tr style=\"text-align: right;\">\n      <th></th>\n      <th>CRIM</th>\n      <th>ZN</th>\n      <th>INDUS</th>\n      <th>CHAS</th>\n      <th>NOX</th>\n      <th>RM</th>\n      <th>AGE</th>\n      <th>DIS</th>\n      <th>RAD</th>\n      <th>TAX</th>\n      <th>PTRATIO</th>\n      <th>B</th>\n      <th>LSTAT</th>\n      <th>PRICE</th>\n    </tr>\n  </thead>\n  <tbody>\n    <tr>\n      <th>0</th>\n      <td>0.00632</td>\n      <td>18.0</td>\n      <td>2.31</td>\n      <td>0.0</td>\n      <td>0.538</td>\n      <td>6.575</td>\n      <td>65.2</td>\n      <td>4.0900</td>\n      <td>1.0</td>\n      <td>296.0</td>\n      <td>15.3</td>\n      <td>396.90</td>\n      <td>4.98</td>\n      <td>24.0</td>\n    </tr>\n    <tr>\n      <th>1</th>\n      <td>0.02731</td>\n      <td>0.0</td>\n      <td>7.07</td>\n      <td>0.0</td>\n      <td>0.469</td>\n      <td>6.421</td>\n      <td>78.9</td>\n      <td>4.9671</td>\n      <td>2.0</td>\n      <td>242.0</td>\n      <td>17.8</td>\n      <td>396.90</td>\n      <td>9.14</td>\n      <td>21.6</td>\n    </tr>\n    <tr>\n      <th>2</th>\n      <td>0.02729</td>\n      <td>0.0</td>\n      <td>7.07</td>\n      <td>0.0</td>\n      <td>0.469</td>\n      <td>7.185</td>\n      <td>61.1</td>\n      <td>4.9671</td>\n      <td>2.0</td>\n      <td>242.0</td>\n      <td>17.8</td>\n      <td>392.83</td>\n      <td>4.03</td>\n      <td>34.7</td>\n    </tr>\n    <tr>\n      <th>3</th>\n      <td>0.03237</td>\n      <td>0.0</td>\n      <td>2.18</td>\n      <td>0.0</td>\n      <td>0.458</td>\n      <td>6.998</td>\n      <td>45.8</td>\n      <td>6.0622</td>\n      <td>3.0</td>\n      <td>222.0</td>\n      <td>18.7</td>\n      <td>394.63</td>\n      <td>2.94</td>\n      <td>33.4</td>\n    </tr>\n    <tr>\n      <th>4</th>\n      <td>0.06905</td>\n      <td>0.0</td>\n      <td>2.18</td>\n      <td>0.0</td>\n      <td>0.458</td>\n      <td>7.147</td>\n      <td>54.2</td>\n      <td>6.0622</td>\n      <td>3.0</td>\n      <td>222.0</td>\n      <td>18.7</td>\n      <td>396.90</td>\n      <td>5.33</td>\n      <td>36.2</td>\n    </tr>\n  </tbody>\n</table>\n</div>"
     },
     "metadata": {},
     "execution_count": 12
    }
   ],
   "source": [
    "# загружаем датасет\n",
    "boston = datasets.load_boston()\n",
    "bostonDF=pd.DataFrame(boston.data, columns=boston.feature_names)\n",
    "bostonDF['PRICE']=boston.target\n",
    "bostonDF.head()"
   ]
  },
  {
   "cell_type": "code",
   "execution_count": 13,
   "metadata": {},
   "outputs": [],
   "source": [
    "# CRIM: Per capita crime rate by town\n",
    "# ZN: Proportion of residential land zoned for lots over 25,000 sq. ft\n",
    "# INDUS: Proportion of non-retail business acres per town\n",
    "# CHAS: Charles River dummy variable (= 1 if tract bounds river; 0 otherwise)\n",
    "# NOX: Nitric oxide concentration (parts per 10 million)\n",
    "# RM: Average number of rooms per dwelling\n",
    "# AGE: Proportion of owner-occupied units built prior to 1940\n",
    "# DIS: Weighted distances to five Boston employment centers\n",
    "# RAD: Index of accessibility to radial highways\n",
    "# TAX: Full-value property tax rate per $10,000\n",
    "# PTRATIO: Pupil-teacher ratio by town\n",
    "# B: 1000(Bk — 0.63)², where Bk is the proportion of [people of African American descent] by town\n",
    "# LSTAT: Percentage of lower status of the population\n",
    "# MEDV: Median value of owner-occupied homes in $1000s"
   ]
  },
  {
   "cell_type": "code",
   "execution_count": 14,
   "metadata": {},
   "outputs": [
    {
     "output_type": "execute_result",
     "data": {
      "text/plain": "Index(['CRIM', 'ZN', 'INDUS', 'CHAS', 'NOX', 'RM', 'AGE', 'DIS', 'RAD', 'TAX',\n       'PTRATIO', 'B', 'LSTAT', 'PRICE'],\n      dtype='object')"
     },
     "metadata": {},
     "execution_count": 14
    }
   ],
   "source": [
    "# Хотим узнать, как обращаться к столбцам bostonDF\n",
    "bostonDF.columns"
   ]
  },
  {
   "cell_type": "code",
   "execution_count": 15,
   "metadata": {
    "scrolled": true
   },
   "outputs": [
    {
     "output_type": "execute_result",
     "data": {
      "text/plain": "             CRIM        ZN     INDUS      CHAS       NOX        RM       AGE  \\\nCRIM     1.000000 -0.200469  0.406583 -0.055892  0.420972 -0.219247  0.352734   \nZN      -0.200469  1.000000 -0.533828 -0.042697 -0.516604  0.311991 -0.569537   \nINDUS    0.406583 -0.533828  1.000000  0.062938  0.763651 -0.391676  0.644779   \nCHAS    -0.055892 -0.042697  0.062938  1.000000  0.091203  0.091251  0.086518   \nNOX      0.420972 -0.516604  0.763651  0.091203  1.000000 -0.302188  0.731470   \nRM      -0.219247  0.311991 -0.391676  0.091251 -0.302188  1.000000 -0.240265   \nAGE      0.352734 -0.569537  0.644779  0.086518  0.731470 -0.240265  1.000000   \nDIS     -0.379670  0.664408 -0.708027 -0.099176 -0.769230  0.205246 -0.747881   \nRAD      0.625505 -0.311948  0.595129 -0.007368  0.611441 -0.209847  0.456022   \nTAX      0.582764 -0.314563  0.720760 -0.035587  0.668023 -0.292048  0.506456   \nPTRATIO  0.289946 -0.391679  0.383248 -0.121515  0.188933 -0.355501  0.261515   \nB       -0.385064  0.175520 -0.356977  0.048788 -0.380051  0.128069 -0.273534   \nLSTAT    0.455621 -0.412995  0.603800 -0.053929  0.590879 -0.613808  0.602339   \nPRICE   -0.388305  0.360445 -0.483725  0.175260 -0.427321  0.695360 -0.376955   \n\n              DIS       RAD       TAX   PTRATIO         B     LSTAT     PRICE  \nCRIM    -0.379670  0.625505  0.582764  0.289946 -0.385064  0.455621 -0.388305  \nZN       0.664408 -0.311948 -0.314563 -0.391679  0.175520 -0.412995  0.360445  \nINDUS   -0.708027  0.595129  0.720760  0.383248 -0.356977  0.603800 -0.483725  \nCHAS    -0.099176 -0.007368 -0.035587 -0.121515  0.048788 -0.053929  0.175260  \nNOX     -0.769230  0.611441  0.668023  0.188933 -0.380051  0.590879 -0.427321  \nRM       0.205246 -0.209847 -0.292048 -0.355501  0.128069 -0.613808  0.695360  \nAGE     -0.747881  0.456022  0.506456  0.261515 -0.273534  0.602339 -0.376955  \nDIS      1.000000 -0.494588 -0.534432 -0.232471  0.291512 -0.496996  0.249929  \nRAD     -0.494588  1.000000  0.910228  0.464741 -0.444413  0.488676 -0.381626  \nTAX     -0.534432  0.910228  1.000000  0.460853 -0.441808  0.543993 -0.468536  \nPTRATIO -0.232471  0.464741  0.460853  1.000000 -0.177383  0.374044 -0.507787  \nB        0.291512 -0.444413 -0.441808 -0.177383  1.000000 -0.366087  0.333461  \nLSTAT   -0.496996  0.488676  0.543993  0.374044 -0.366087  1.000000 -0.737663  \nPRICE    0.249929 -0.381626 -0.468536 -0.507787  0.333461 -0.737663  1.000000  ",
      "text/html": "<div>\n<style scoped>\n    .dataframe tbody tr th:only-of-type {\n        vertical-align: middle;\n    }\n\n    .dataframe tbody tr th {\n        vertical-align: top;\n    }\n\n    .dataframe thead th {\n        text-align: right;\n    }\n</style>\n<table border=\"1\" class=\"dataframe\">\n  <thead>\n    <tr style=\"text-align: right;\">\n      <th></th>\n      <th>CRIM</th>\n      <th>ZN</th>\n      <th>INDUS</th>\n      <th>CHAS</th>\n      <th>NOX</th>\n      <th>RM</th>\n      <th>AGE</th>\n      <th>DIS</th>\n      <th>RAD</th>\n      <th>TAX</th>\n      <th>PTRATIO</th>\n      <th>B</th>\n      <th>LSTAT</th>\n      <th>PRICE</th>\n    </tr>\n  </thead>\n  <tbody>\n    <tr>\n      <th>CRIM</th>\n      <td>1.000000</td>\n      <td>-0.200469</td>\n      <td>0.406583</td>\n      <td>-0.055892</td>\n      <td>0.420972</td>\n      <td>-0.219247</td>\n      <td>0.352734</td>\n      <td>-0.379670</td>\n      <td>0.625505</td>\n      <td>0.582764</td>\n      <td>0.289946</td>\n      <td>-0.385064</td>\n      <td>0.455621</td>\n      <td>-0.388305</td>\n    </tr>\n    <tr>\n      <th>ZN</th>\n      <td>-0.200469</td>\n      <td>1.000000</td>\n      <td>-0.533828</td>\n      <td>-0.042697</td>\n      <td>-0.516604</td>\n      <td>0.311991</td>\n      <td>-0.569537</td>\n      <td>0.664408</td>\n      <td>-0.311948</td>\n      <td>-0.314563</td>\n      <td>-0.391679</td>\n      <td>0.175520</td>\n      <td>-0.412995</td>\n      <td>0.360445</td>\n    </tr>\n    <tr>\n      <th>INDUS</th>\n      <td>0.406583</td>\n      <td>-0.533828</td>\n      <td>1.000000</td>\n      <td>0.062938</td>\n      <td>0.763651</td>\n      <td>-0.391676</td>\n      <td>0.644779</td>\n      <td>-0.708027</td>\n      <td>0.595129</td>\n      <td>0.720760</td>\n      <td>0.383248</td>\n      <td>-0.356977</td>\n      <td>0.603800</td>\n      <td>-0.483725</td>\n    </tr>\n    <tr>\n      <th>CHAS</th>\n      <td>-0.055892</td>\n      <td>-0.042697</td>\n      <td>0.062938</td>\n      <td>1.000000</td>\n      <td>0.091203</td>\n      <td>0.091251</td>\n      <td>0.086518</td>\n      <td>-0.099176</td>\n      <td>-0.007368</td>\n      <td>-0.035587</td>\n      <td>-0.121515</td>\n      <td>0.048788</td>\n      <td>-0.053929</td>\n      <td>0.175260</td>\n    </tr>\n    <tr>\n      <th>NOX</th>\n      <td>0.420972</td>\n      <td>-0.516604</td>\n      <td>0.763651</td>\n      <td>0.091203</td>\n      <td>1.000000</td>\n      <td>-0.302188</td>\n      <td>0.731470</td>\n      <td>-0.769230</td>\n      <td>0.611441</td>\n      <td>0.668023</td>\n      <td>0.188933</td>\n      <td>-0.380051</td>\n      <td>0.590879</td>\n      <td>-0.427321</td>\n    </tr>\n    <tr>\n      <th>RM</th>\n      <td>-0.219247</td>\n      <td>0.311991</td>\n      <td>-0.391676</td>\n      <td>0.091251</td>\n      <td>-0.302188</td>\n      <td>1.000000</td>\n      <td>-0.240265</td>\n      <td>0.205246</td>\n      <td>-0.209847</td>\n      <td>-0.292048</td>\n      <td>-0.355501</td>\n      <td>0.128069</td>\n      <td>-0.613808</td>\n      <td>0.695360</td>\n    </tr>\n    <tr>\n      <th>AGE</th>\n      <td>0.352734</td>\n      <td>-0.569537</td>\n      <td>0.644779</td>\n      <td>0.086518</td>\n      <td>0.731470</td>\n      <td>-0.240265</td>\n      <td>1.000000</td>\n      <td>-0.747881</td>\n      <td>0.456022</td>\n      <td>0.506456</td>\n      <td>0.261515</td>\n      <td>-0.273534</td>\n      <td>0.602339</td>\n      <td>-0.376955</td>\n    </tr>\n    <tr>\n      <th>DIS</th>\n      <td>-0.379670</td>\n      <td>0.664408</td>\n      <td>-0.708027</td>\n      <td>-0.099176</td>\n      <td>-0.769230</td>\n      <td>0.205246</td>\n      <td>-0.747881</td>\n      <td>1.000000</td>\n      <td>-0.494588</td>\n      <td>-0.534432</td>\n      <td>-0.232471</td>\n      <td>0.291512</td>\n      <td>-0.496996</td>\n      <td>0.249929</td>\n    </tr>\n    <tr>\n      <th>RAD</th>\n      <td>0.625505</td>\n      <td>-0.311948</td>\n      <td>0.595129</td>\n      <td>-0.007368</td>\n      <td>0.611441</td>\n      <td>-0.209847</td>\n      <td>0.456022</td>\n      <td>-0.494588</td>\n      <td>1.000000</td>\n      <td>0.910228</td>\n      <td>0.464741</td>\n      <td>-0.444413</td>\n      <td>0.488676</td>\n      <td>-0.381626</td>\n    </tr>\n    <tr>\n      <th>TAX</th>\n      <td>0.582764</td>\n      <td>-0.314563</td>\n      <td>0.720760</td>\n      <td>-0.035587</td>\n      <td>0.668023</td>\n      <td>-0.292048</td>\n      <td>0.506456</td>\n      <td>-0.534432</td>\n      <td>0.910228</td>\n      <td>1.000000</td>\n      <td>0.460853</td>\n      <td>-0.441808</td>\n      <td>0.543993</td>\n      <td>-0.468536</td>\n    </tr>\n    <tr>\n      <th>PTRATIO</th>\n      <td>0.289946</td>\n      <td>-0.391679</td>\n      <td>0.383248</td>\n      <td>-0.121515</td>\n      <td>0.188933</td>\n      <td>-0.355501</td>\n      <td>0.261515</td>\n      <td>-0.232471</td>\n      <td>0.464741</td>\n      <td>0.460853</td>\n      <td>1.000000</td>\n      <td>-0.177383</td>\n      <td>0.374044</td>\n      <td>-0.507787</td>\n    </tr>\n    <tr>\n      <th>B</th>\n      <td>-0.385064</td>\n      <td>0.175520</td>\n      <td>-0.356977</td>\n      <td>0.048788</td>\n      <td>-0.380051</td>\n      <td>0.128069</td>\n      <td>-0.273534</td>\n      <td>0.291512</td>\n      <td>-0.444413</td>\n      <td>-0.441808</td>\n      <td>-0.177383</td>\n      <td>1.000000</td>\n      <td>-0.366087</td>\n      <td>0.333461</td>\n    </tr>\n    <tr>\n      <th>LSTAT</th>\n      <td>0.455621</td>\n      <td>-0.412995</td>\n      <td>0.603800</td>\n      <td>-0.053929</td>\n      <td>0.590879</td>\n      <td>-0.613808</td>\n      <td>0.602339</td>\n      <td>-0.496996</td>\n      <td>0.488676</td>\n      <td>0.543993</td>\n      <td>0.374044</td>\n      <td>-0.366087</td>\n      <td>1.000000</td>\n      <td>-0.737663</td>\n    </tr>\n    <tr>\n      <th>PRICE</th>\n      <td>-0.388305</td>\n      <td>0.360445</td>\n      <td>-0.483725</td>\n      <td>0.175260</td>\n      <td>-0.427321</td>\n      <td>0.695360</td>\n      <td>-0.376955</td>\n      <td>0.249929</td>\n      <td>-0.381626</td>\n      <td>-0.468536</td>\n      <td>-0.507787</td>\n      <td>0.333461</td>\n      <td>-0.737663</td>\n      <td>1.000000</td>\n    </tr>\n  </tbody>\n</table>\n</div>"
     },
     "metadata": {},
     "execution_count": 15
    }
   ],
   "source": [
    "# полная матрица корреляций\n",
    "# используем метод Pandas corr()\n",
    "C = bostonDF.corr(method='pearson')\n",
    "C"
   ]
  },
  {
   "cell_type": "code",
   "execution_count": 16,
   "metadata": {},
   "outputs": [
    {
     "output_type": "execute_result",
     "data": {
      "text/plain": "<matplotlib.axes._subplots.AxesSubplot at 0xec1cf50>"
     },
     "metadata": {},
     "execution_count": 16
    },
    {
     "output_type": "display_data",
     "data": {
      "text/plain": "<Figure size 1152x432 with 2 Axes>",
